1977269
201670
1981623
2193694
2192925
2192284
247888
2194718
944031
1968442
969042
384085
1969444
305844
2199309
828963
2162142
2207798
1970188
866216
1976667
462940
1969526
1979333
1973029
259515
1969323
1979850
518699
782617
2517812
2198106
2200312
738227
587628
1974829
1979985
1980899
1977932
2205045
802006
2198407
527565
803377
702455
2196459
1981790
2517842
1980681
1974742
496660
469472
1975522
822376
1316200
380479
2196079
2193289
2192293
479255
1979489
705618
405738
1979495
2196091
405765
45602
2198310
2189831
2959684
2206330
1973841
1969219
1978362
2162179
2188017
1980628
624512
2201562
2205522
740309
1979977
1975118
2191070
446138
729539
1979292
2205421
63511
2189230
1981808
1969538
1969847
2188612
325993
1969514
2959562
1979070
1968297
1979884