252643291
104085510
163363116
85301050
104081984
175454432
136361487
163342067
46520054
249814082
135220802
252643963
164156552
242053585
194943150
135102923
313066242
252661017
104029643
252633039
135143780
172541776
135239667
135086087
135150397
381124055
433911406
135106632
252635865
104010793
104088354
135016743
347830344
442076263
131346930
8033173
135112155
104162910
160866535
8034965
103988045
404340511
252159748
441611995
104101095
135109277
135071643
135031383
134993187
135140123
163352113
135218806
440725629
252638551
340131403
378169893
433956295
135229921
340133840
186526526
252652144
160853629
123106765
103970316
104109903
252640708
134987201
134981171
313067523
135171986
440731922
103918146
11108595
135262104
135232780
135159609
433923908
135196222
135200523
135269801
433933104
384219541
252626060
433910585
175446184
313068828
136960772
46510687
135161486
252662374
318590196
135157942
252636071
135335271
135175439
104158512
135063291
383539067
442141330
104116067